AI,0,Alan Turing Airport,ALT,112.05,-16.09,1487.52,USA
AI,1,Ada Lovelace Airport,ADA,41.5,52.68,3676.04,CAN
AI,2,Carl Gauss Airport,CGA,74.77,35.27,2570.73,GBR
AI,3,John von Neumann Airport,JVN,113.68,-71.23,692.68,DEU
AI,4,Grace Hopper Airport,GHP,175.55,15.54,473.4,FRA
AI,5,Blaise Pascal Airport,PSC,158.21,-40.94,764.46,JPN
AI,6,Leonhard Euler Airport,EUL,-118.53,66.04,3224.97,AUS
AI,7,George Boole Airport,GBL,123.46,1.06,1672.15,ITA
AI,8,Alonzo Church Airport,ACH,93.54,-53.06,908.5,BRA
AI,9,Kurt Godel Airport,KGD,88.78,10.66,273.45,IND
FL,1038,2,5,13:06,20:17,110.41,12.7,11416,21,[60;123;117;230;241;191;90;194;164],[351;361;343;392;432;387;457;405;396;429;452;389;606;515;728;572;909;623;908;885;929;778;847;872;584;949;795;741;625;527;868;867;884]
FL,1010,8,4,12:06,13:43,151.22,-35.39,10639,17,[65;160;90;93;82;142;113;127;291],[338;443;408;412;447;383;458;441;414;449;469;453;460;472;832;971;906;934;789;812;955;803;514;919;768;706;668;621;558;968;630;925;791;809;912;884;875;646]
FL,1021,8,7,07:18,06:16,103.18,-48.31,9428,23,[56;206;223;230;248;112;133;252;300],[362;359;467;385;383;417;380;419;449;439;617;625;843;848;766;498;903;883;503;501;808;771;805;733;729;618;706;518]
FL,1159,1,6,07:37,12:30,28.21,61.21,10232,11,[68;202;269;309;315;312],[36;24;34;28;27;32;31;26]
FL,1170,8,0,23:31,17:52,99.62,-46.48,9938,12,[49;212;245;296;285;312],[38;33;27;38;37;24;37]
FL,1030,9,2,23:53,18:52,78.71,19.49,9757,23,[77;118;172;92],[367;443;417;445;432;478;463;858;640;667;529;976;597;532;750;861;943;744;523;828;754;638;501;618;761;692;809]
FL,1065,9,1,15:07,06:44,62.33,44.95,10696,21,[44;275;194;126;220;181;127;92;287],[362;334;428;417;401;453;386;413;462;932;870;786;528;544;580;962;587;623;696;557;955;787;776;727;814;873;612;716;836;885;920;642;566;975;825;495;783;681;519;665;859]
FL,986,6,0,22:40,18:04,-96.78,36.84,10458,19,[46;110;116;85;167],[358;438;404;447;478;446;443;409;462;429;392;470;384;476;461;445;440;433;387;410;560;976;480;762;816;888;928;597;908;730;583;766;923;519;845;702;563;589;639;721;741;632;623;515;565]
FL,1024,2,8,10:07,04:04,82.46,-19.46,11814,21,[56;132;167;208;258;206;114],[352;353;336;440;463;410;393;465;380;411;448;453;568;937;718;643;704;664;647;624;746;672;539;815;531;838;964;557;956;847;912;508;972;887;565;694;574;882;634;834;872;501;567;548;560;487;535]
FL,1089,7,3,11:55,16:02,114.26,-12.51,12413,16,[67;208;112;296;288;300;306;279],[26;34;36;33;29;27;30;30;32;36;29;27;32;27;30;37;32;34;35;25]
FL,1073,7,4,07:42,02:03,157.99,3.4,11982,21,[72;97;158;163;209;248;108;242;238],[354;372;363;410;407;450;421;417;387;382;457;471;447;552;910;758;827;675;668;685;659;863;618;573;491;761;801;480;628;772;941;884;767;655;789;865;908;669;684;500;665;921;697;607;950]
FL,1036,1,5,23:01,18:16,99.0,-4.56,12895,18,[60;118;208;220;183;124;267;155;237],[371;386;449;458;392;425;429;717;919;913;533;877;955;611;510;905;647;923;755;612;948;831;583;912;826;716;589;481;606;903;638;783;863]
FL,1103,6,3,15:08,05:09,-21.23,20.41,11091,14,[53;158;294;322;286;316],[34;36;35;25;26;35]
FL,1088,1,4,17:48,16:51,165.85,17.51,11311,15,[71;160;88;288;304;314;320],[33;28;32;35;35;36;26;25;31;34;26;25;26;25;35;25;25;25;35;34;25;28]
FL,1000,7,9,06:43,22:35,98.77,5.62,12584,21,[59;95;145;106;163;147;87],[351;371;395;430;445;437;427;426;518;546;679;502;632;604;795;705;905;702;570;857;728;500;859;648;680;589;523;541;603;895;726;662;841;547;940;774;918;629;910]
FL,1175,2,1,18:40,12:16,44.45,40.33,11336,14,[40;176;225;294;304;285],[25;24;35;31;27;32;28;24]
FL,1008,4,1,04:53,12:04,174.05,30.4,12124,21,[63;100;154;92;201;245],[350;346;473;384;470;471;432;415;419;426;460;609;931;960;488;523;918;852;915;695;771;682;730;907;712;717;823;870;505;975;827;518;835;620;917;743;976;753;576;663;696;647;675;880;908;633;629;838;889;855;767]
FL,1013,0,4,10:05,19:27,175.36,-8.01,10155,18,[47;96;120;126;307],[353;332;355;478;397;438;394;381;921;736;744;754;545;830;787;584;771;777;565;532;526;585;506;784;768;649;515;907;486;651]
FL,984,9,1,10:18,16:44,48.76,14.13,10907,18,[70;265;100;230],[361;332;352;467;412;476;431;425;657;942;633;553;961;732;578;863;565;707;885;637;702;573;880;496]
FL,1143,6,1,15:50,09:30,-91.13,53.09,10691,12,[54;244;295;284],[33;35;37;28;29;25;34;29]
FL,980,0,1,10:57,17:20,72.2,9.42,9969,20,[72;211;81;107],[374;366;352;414;416;423;383;458;406;402;430;404;453;928;532;601;962;732;482;802;967;621;825;943;957;547;492;859;936;676;502;882;496;794;738]
FL,1019,5,9,19:25,08:17,151.79,-7.09,12892,18,[51;235;162;184],[337;396;432;429;419;428;385;395;390;513;576;957;871;827;796;676;593;948;567;581;681;486;640;936;887;626;631;749;853;850;969;885;574;874;530;505;846]
FL,985,6,2,17:32,15:58,-32.43,52.05,12392,18,[47;158;144;245;116;166;161;229;186;316],[352;335;477;422;403;467;420;430;414;815;873;746;597;514;838;945;974;503;943;883;795;669;610;708;695;932;703;605;584;672;837;755;775;946;777;738]
FL,1128,9,5,22:48,20:00,125.2,-10.95,10679,12,[45;128;120;284;302],[34;34;28;24;31;29;24;28]
FL,1178,6,0,15:56,21:29,-63.22,3.76,11684,15,[63;207;318;291;293;301;309],[30;31;36;33;36;38;36;34;37;32;25;25;30;37;24;37;25;33;35;36;34;27;32;34;27;36;32;24;35;38]
FL,1171,6,9,00:36,03:35,76.14,62.34,10287,11,[76;258;235;300;327],[27;25;38;35;37;27;26]
FL,1061,5,3,15:29,04:01,153.48,-41.63,12989,17,[39;238;217;220;198;133;103;183;179;284],[373;429;394;398;412;428;460;476;455;414;456;389;442;464;768;895;941;926;532;552;681;825;817;536;932;971;611]
FL,1140,3,0,04:27,06:48,113.46,-46.51,11061,10,[68;252;300;304;325;328],[25;33;37;24;34;28;35;36;27;26;29;35;38;38]
FL,1167,5,4,12:00,21:57,171.16,12.71,9057,10,[72;235;304;284;293;281;312],[31;24;27;29;37;24;36;36;27;25;29;25;30;30]
FL,1055,0,7,11:57,11:53,121.24,-8.82,12578,19,[75;113;218;181;96;224;127;297],[332;387;400;413;395;431;474;379;438;473;407;426;439;417;457;475;384;419;397;418;854;504;683;774;817;800;860;644;580;604;932;551;828;880;639;484;483;856;641;566;846;953;616;768;494;960;563]
FL,1163,6,1,22:35,00:34,-79.71,56.37,9604,14,[47;196;292;312;296;306],[25;32;27;24;26;37;26]
FL,983,1,0,11:41,22:40,67.54,17.73,9146,23,[47;97;123;267;217;138;259;322],[357;340;432;470;403;428;460;420;811;672;691;518;832;777;948;713;587;628;590;613;484;494;682;610]
FL,1137,6,1,00:26,04:35,-48.61,64.63,11508,11,[74;238;317;328;322;305],[34;32;29;32;35;38;32;37;34;32;31;29;29;35]
FL,1037,7,9,22:26,23:31,104.19,2.18,12918,23,[76;188;212;91;128;118;259],[331;338;391;466;432;399;431;383;462;411;414;400;664;847;888;857;576;584;808;970;500;504;644;885;948;686;792;594;866;716]
FL,1124,9,6,17:09,11:13,49.69,10.7,10895,13,[47;247;297;295;326;328;300],[37;35;35;28;25;38;30;25;33;35;34]
FL,1157,7,3,21:22,23:10,115.19,-28.91,9807,15,[74;240;205;282;294;286],[32;36;32;28;30;29;30;35;35;33;27;32;37;38;30;33;29;28;25;33;34;27;35;30;29;28;34;36;36;27;29;30;25;34;33]
FL,1108,4,2,13:50,10:12,153.01,22.52,12427,14,[42;156;281;305;316;303],[35;28;36;35;25;33;24;38]
FL,1012,7,6,16:32,00:32,24.98,36.11,12055,23,[64;267;121;191;258;204;300],[364;373;415;411;446;475;450;387;439;413;537;561;774;572;618;719;585;641;819;735;520;869;834;825;718;587]
FL,1068,9,6,19:34,16:01,-8.68,14.76,9750,21,[59;167;237;166;267;82;199;87],[331;389;422;432;431;417;463;452;513;866;663;824;579;761;757;511;728;831;506;946;727;719;640;781;542;658;803;629;559;729;706;810;742;718;798;495;507;567;651;732;568;819;646;901;486]
FL,1158,5,3,08:25,16:39,154.63,-44.69,11149,10,[46;244;312;287;319],[33;27;30;38;26;38;31;30;29;28;30;38;24]
FL,1104,1,2,19:00,04:46,55.32,50.33,9692,12,[62;166;279;327;311;308],[33;24;28;30;27;27;34]
FL,1168,3,7,01:59,10:55,118.01,-69.71,9859,16,[72;218;285;321;283;290],[31;31;32;24;35;38;27;32;33;33;24;25]
FL,1117,7,6,20:59,15:56,-48.91,57.6,10322,15,[50;242;156;306;300;327;301],[25;26;25;37;38;27;36;24;27;31;35;33;30;27;38;31;24;24;36;24;32;24;29;31;35]
FL,1066,2,3,13:05,15:42,85.83,-37.96,9953,19,[50;193;84;253;213;270;109;225;304],[404;418;466;430;477;380;388;458;386;439;444;405;464;416;808;761;691;557;614;480;494;952;698;969;727;945;592;706;762;846;900;742;710;525;591;579;671]
FL,981,5,6,23:20,03:46,88.69,-13.1,10069,20,[66;101;188;277;231;149;173;241;244],[344;341;346;347;372;438;400;429;414;419;395;471;402;406;862;794;599;500;935;631;933;816;730;884;918;586;605;719;850;630;563;768;638;596;542;702;861]
FL,1017,9,6,14:54,23:18,-25.85,53.37,10323,18,[51;95;82;132;249;126],[373;340;345;457;420;412;435;471;416;470;906;976;757;962;819;614;733;659;831;849;726;629;763;935;781;513;922;909]
FL,1154,0,8,03:27,19:21,111.56,-28.6,11975,11,[71;88;283;326;314;281],[35;34;31;31;33;28;38]
FL,1056,8,6,02:07,06:10,-19.68,49.68,11456,17,[41;80;167;242],[368;359;445;442;447;434;415;419;440;451;538;861;929;959;576;606;512;654;581;778;947;573;729;782;851;820;587;597]
FL,1045,1,3,13:00,21:38,58.87,44.68,10607,19,[56;159;246;156;96;192;99;127],[351;475;400;478;415;459;423;393;388;379;386;465;383;453;450;427;435;405;460;458;576;488;856;573;884;530;495;948;674;642;592;889;844;748;656;955]
FL,1155,4,5,21:22,23:26,166.13,-13.02,11012,16,[62;202;189;281;304],[33;29;32;29;36;35;33;36;33;34;35;25;36;24;38]
FL,1105,7,4,04:06,00:09,146.23,7.39,12297,16,[48;194;244;315;313;298;322],[32;29;34;36;34;28;34;38;34;32;37;34;29;31;36;31;27;24]
FL,1054,0,4,05:34,12:53,116.22,8.12,11457,23,[63;138;108;208;274;232;91],[336;340;451;453;459;425;418;437;414;398;431;702;493;576;765;899;863;932;661;484;554;503;865;578]
FL,1150,3,2,10:20,06:43,75.38,16.87,11670,16,[51;88;284;281;302],[33;25;31;30;36;26;26;35;28;25;38]
FL,1116,6,8,10:27,04:07,75.45,43.08,11457,10,[77;191;166;302;325],[25;28;27;37;32;26;29;29;29;38;34;37;29;31;33;35]
FL,1111,3,5,09:16,20:59,127.88,-65.28,10451,14,[55;183;122;314;305;285],[36;26;36;32;25;28;31;30]
FL,1047,9,0,00:51,13:00,101.3,1.15,12136,21,[70;243;248;207;271;172;296],[354;447;391;443;427;437;386;916;832;876;665;824;869;656;701;748;807;742;629;889;579;677;967;772;640;676;710;909;498;728;843;760;553]
FL,1139,2,8,00:39,03:42,79.78,-10.45,11674,11,[43;230;197;322;306;290;310;284],[38;27;35;35;38;25;31]
FL,994,2,3,18:12,11:54,89.53,-31.24,11533,23,[39;198;148;171;277;121;183;272;302],[371;453;402;428;437;443;425;466;419;909;616;619;497;804;855;754;710;610;852;699;608]
FL,1113,5,3,23:48,07:14,154.0,-42.97,11707,12,[78;243;294;283;302;327;325],[36;29;33;27;26;37]
FL,996,7,3,14:30,18:14,120.72,-44.2,9091,21,[77;251;99;119;201;213;147;153;94],[332;409;452;432;434;381;457;475;476;935;910;716;661;733;628;627;518;851;948;790;893;496;852;570;514;722;731;902;748;838;510;583;560;482;601;807;907;945;947]
FL,1079,9,4,20:10,06:38,119.92,12.48,11901,10,[70;147;272;292;290;304;280;286],[25;36;26;34;37;27;31;31;30;37;24;25]
FL,1003,6,4,21:37,05:32,-74.1,16.67,11202,23,[66;224;124;202;226;143],[368;408;406;385;411;453;974;948;824;682;770;956;708;905;849;915;931;684;968;960;568;966;801;777;514;772;737;599;828;576]
FL,1028,1,3,19:59,18:04,60.63,51.3,9780,21,[67;176;116;262;165;234],[354;350;453;412;394;438;474;395;417;861;669;751;621;584;925;689;682;552;766;938;813;521;773;686;723;847;860;810;614;512;960;712;825;771;924;595;576;892]
FL,1059,7,2,00:47,03:41,118.01,28.61,11303,21,[53;271;138;185;226;206],[339;448;424;440;385;457;398;449;447;492;853;630;710;639;637;549;785;700;787;664;516;519;764;499;738;955;626;682;622;608;888;690;930;776;620;579;555;803;809;609;490;646;820;586;527;842;551;890]
FL,1058,6,4,13:26,00:13,-49.44,61.36,9242,17,[49;95;226;134],[360;409;406;461;399;391;444;462;451;453;398;464;467;473;466;607;752;515;926;675;804;831;557;548;851;847;487;666;735;958]
FL,1130,7,4,19:19,03:21,126.16,10.7,9035,16,[62;215;261;297;319],[36;30;26;36;35;27;25;26;32;30;30;38;34;29;26]
FL,1161,0,2,20:16,22:22,104.68,13.58,9121,15,[69;250;166;283;305;313],[24;31;25;34;27;33;26;38;35;33;31;32;37;38;38;37;24;35;33;31;30;34;36;25]
FL,1027,6,0,11:56,14:25,34.59,-1.82,12992,18,[67;150;81;155;91;174;292],[357;441;386;437;420;417;430;443;395;476;406;719;805;674;878;625;534;939;544;725;491;572;800;895;956;933;667;665;864;782;720;485;531;686;701;489]
FL,1149,5,2,18:52,02:09,150.01,-18.79,11625,16,[39;102;148;289;317;301;321],[28;24;36;30;31;37;36;32;33;33;36;25;31]
FL,1173,6,9,13:39,11:06,17.77,54.9,10356,16,[74;273;187;286;313;309;320],[33;29;29;30;33;37;26;37;27;26;25;31;32;37;38]
FL,1032,2,6,13:45,01:01,27.81,58.74,11778,22,[74;230;166;143;102;126;311],[351;368;347;342;413;456;428;403;455;415;445;475;425;509;554;781;835;901;768;623;714;886;538;725;515;940;671;577;772;976;977;968;783;769]
FL,1092,6,4,22:13,20:28,65.86,20.82,9251,14,[43;257;291;303;288],[34;31;34;29;27;37;27;30;27;36]
FL,1131,5,8,07:12,13:57,125.55,-47.99,9798,11,[44;172;321;301],[36;35;36;36;24;34;36;34;31]
FL,1018,8,2,12:35,17:35,82.79,23.99,11989,19,[53;161;92;269;257;163;79;320],[443;451;399;473;464;478;383;476;452;457;405;439;391;412;461;447;380;430;814;538;841;871;485;547;662;569;798;703;600;774;511;898;826;803]
FL,989,7,3,20:52,08:29,117.89,-7.21,11071,17,[44;211;198;222;176;236;125;301],[342;339;450;464;425;416;418;402;477;441;426;427;414;458;381;813;701;849;609;665;666;537;802;610;919;769;851;779;549;963;949;579;842]
FL,1083,8,1,10:23,12:57,73.26,3.41,11196,11,[73;213;210;312;293;308;320],[31;24;30;26;27;33;29;24]
FL,1106,7,1,10:08,18:31,93.76,27.0,12113,13,[59;122;89;297;301;286;322;298],[25;29;27;37;29;35;25;34;35;24;28]
FL,1087,0,5,15:30,07:34,155.58,-31.42,10346,11,[63;165;194;312;301;323],[25;30;25;27;27;24;31]
FL,1152,8,1,03:33,17:52,51.08,51.25,12596,11,[40;139;268;320;290],[35;26;33;36;31;38;28]
FL,1135,2,3,02:23,21:38,90.57,-16.71,12588,15,[45;90;185;321;291;314],[38;27;28;38;33;27;27;32;38;28;35;36;29;34;29;29;33;34;37;29;27;27;29;25;35;25;26;34;34;36;32]
FL,1044,0,9,12:44,09:59,106.4,7.23,10707,21,[76;97;232;132;99;142;255],[365;442;446;383;463;437;412;454;422;464;467;406;674;737;664;779;652;583;905;849;711;972;973;549;821;641;761;945;590;642;571;915;917;638;937;977;540;522;518;751;528]
FL,1172,3,7,01:14,00:48,115.87,-44.67,10333,11,[70;127;235;296;302;306;297;301],[26;31;24;37;34;24;33]
FL,1132,8,0,09:31,14:20,100.08,-39.24,10061,14,[72;105;300;324;325;312],[25;33;37;37;34;36;37;36;27;24]
FL,1077,7,9,19:51,08:57,114.65,4.64,10859,23,[66;214;142;175;321],[333;468;439;435;467;414;387;642;885;765;709;711;757;687;650;823;533;615;585;567;743;513;621;605]
FL,1120,5,2,18:34,17:15,122.55,33.27,9883,10,[70;158;303;296],[35;27;24;27;30;31;36;37;24;33;28;38;35;28;29]
FL,1043,5,2,11:24,22:12,150.1,-40.05,10990,17,[49;248;123;124;199;244;188;232;318],[343;389;415;449;448;443;393;406;452;743;918;663;523;900;721;750;764;844;611;816;713;566;773;553;588;926;601;622;617;488]
FL,982,1,6,03:07,23:01,-97.94,58.6,12962,21,[46;265;259;213;260;188;321],[336;333;419;383;464;430;391;417;448;523;610;770;731;845;633;794;739;551;640;737;500;886;866;534;489;528;755;645;814;733;498;587;592;658;711;959;677;917;771;492;714;850;729]
FL,1062,1,7,10:59,07:06,103.99,37.41,9662,23,[50;202;174;90;179;240;104;188;197],[376;426;388;390;472;469;662;516;938;594;875;608;806;870;893;658;595;819;511;802;517;704;933;582]
FL,1129,7,8,03:22,20:19,116.07,-1.9,12842,16,[52;173;221;304;307;281;315;322],[33;25;37;35;35;34;33;27;37;34;25;28;31]
FL,1057,7,1,00:30,11:24,63.82,31.26,12834,19,[46;208;248;190;156;109;87;269],[443;430;415;464;397;461;463;428;462;416;467;476;450;419;409;471;417;380;614;603;522;574;540;745;825;594;641;922;908;966;487;826;879;658;714;610]
FL,1026,4,8,06:01,23:57,152.31,-42.67,9580,23,[67;87;227;162;99],[378;375;444;455;403;432;421;544;629;652;736;869;811;767;603;940;831;482;924;545;666]
FL,1081,0,2,22:21,07:02,79.34,8.18,12606,15,[67;273;324;308;328],[29;34;33;34;25;36;35;36;25;27;28;24;26;37;29;26;37;32;37;38;26;26;25;29;37;35;29;34;30;25]
FL,1039,6,9,20:26,00:22,52.69,37.66,12596,19,[68;234;88;196;255;145;182;108;176],[434;465;478;408;450;437;401;385;462;440;469;392;464;382;447;387;459;441;901;936;738;566;654;840;688;569;700;578;895;731;716;856;923;919;531;960;853;910;852;887;806;937;765]
FL,998,7,6,17:42,00:49,49.72,46.94,12860,19,[71;217;195;102;241;147;170;307],[388;384;411;475;447;446;379;387;425;477;467;417;407;429;465;827;770;569;696;903;633;649;778;686;671;601;792;639;487;928;712;643;875;854;728;625;707;915]
FL,1069,4,5,12:32,18:05,175.47,9.39,10752,19,[46;236;104;240;91;88;187;234;286],[465;473;424;391;425;393;407;477;456;402;398;387;475;411;434;466;450;419;789;517;584;691;508;502;821;862;718;600;947;601;616;736;744;665;894;941;942;918;730;923;883;599;587;828]
FL,1134,7,4,02:59,14:13,159.5,12.48,12535,12,[51;147;225;328;319;313],[29;37;33;35;35;29;37;26;29]
FL,1095,9,5,13:41,07:42,147.9,-13.63,10281,16,[52;150;292;299;311;321;305],[36;37;24;35;25;28;33;26;26;26;26]
FL,1016,1,0,07:40,11:48,68.33,35.48,11314,20,[59;107;158;96;326],[369;339;370;449;410;441;462;408;421;413;433;417;380;393;385;383;472;437;812;806;603;590;783;530;572;744;760;881;686;832;752;799;810;921]
FL,1023,2,1,00:47,09:43,42.75,39.02,11185,20,[71;99;137;248;110;232;87],[362;366;333;349;391;385;478;446;409;449;414;451;419;477;466;627;517;591;690;604;751;886;641;815;760;898;742;711;961;704;565;588]
FL,1051,5,3,04:05,23:56,140.56,-52.12,11986,19,[72;266;135;160;247],[364;459;467;398;417;446;466;426;427;463;397;688;800;540;609;759;637;894;482;655;565;887;502;770;754;705;508;509;952;689;686;791;828;710;753;563]
FL,988,6,7,16:20,23:02,121.56,39.18,12510,17,[78;140;270;115;88;162;235;212],[375;357;403;444;388;391;472;478;447;398;464;466;436;383;427;389;633;752;968;847;733;512;808;826;608;697;904;756]
FL,1029,3,4,00:46,03:23,128.18,13.64,11676,20,[61;119;245;209;269;190;216;116;282],[340;355;344;404;388;473;409;476;389;387;394;432;457;431;469;604;770;564;949;778;877;552;970;917;918;510;941;783;956;925;481;707;932;649;814;840;497;819;811;823;978;720;519;619]
FL,1080,3,6,11:37,11:50,-109.17,44.54,9762,16,[78;274;300;281],[30;34;26;35;34;32;35;35;25;24;37;37;30;28;24;25;38;25]
FL,1107,4,7,19:53,11:34,124.31,4.22,10180,16,[68;123;291;282;302],[35;34;36;24;25;35;37;28;38;37;27;35;32;34;32;27;29;31;28]
FL,979,5,0,13:07,12:03,139.44,-25.31,11745,23,[75;238;122;89;246;259],[352;338;447;392;470;411;461;428;455;476;701;909;695;667;900;854;564;966;653;591;556;694;691;702;963;616;898;797;626;855;589]
FL,1100,4,5,03:16,09:07,171.45,-26.45,11132,11,[65;238;168;302;297;291],[36;28;38;38;25;27;31;24]
FL,1174,2,3,11:42,11:51,88.68,30.73,9390,13,[71;270;323;316],[36;29;25;34;25;38;24;26;28;29;30]
FL,1166,8,1,13:47,22:01,46.53,25.62,12672,11,[52;230;292;311;321;315;294],[27;27;36;33;27;33;32;30]
FL,991,0,3,07:36,20:12,113.48,-25.0,10800,23,[62;248;163;231;84;249;218;281],[330;348;422;462;430;459;464;471;475;870;736;480;691;825;646;757;924;777;666;616;578;785;681;821;662;955;617;601;813]
FL,1064,0,8,11:39,06:05,100.64,-25.14,12703,21,[78;228;185;139;153;227;90;318],[363;361;356;436;410;474;458;408;391;454;467;766;536;944;491;884;825;594;694;843;648;915;632;739;956;798;731;607;515;966;913;623;952;803;876;801;571;622;600;765;883;712;887;971;854;807;642;527;596;929;851;613;779]
FL,995,6,3,11:50,01:03,-6.12,38.83,11345,18,[44;190;140;112;206],[330;336;343;474;410;437;394;425;392;591;660;857;769;480;897;917;786;504;794;762;825;805;738;718;783;612;877;872;525]
FL,993,5,3,20:54,01:54,131.64,-70.67,9970,20,[53;214;261;231;277;218],[331;348;330;368;361;466;471;425;420;451;443;432;468;428;403;389;902;683;828;725;857;910;521;830;923;812;636;928;621;807;688;785;566;917;516;524;496;721;919;870]
FL,1097,9,3,03:40,04:09,98.69,-29.81,11984,12,[66;264;285;291;290],[29;33;35;30;25;26]
FL,992,9,0,08:51,19:14,91.82,-12.87,11674,20,[55;249;114;252],[338;370;368;331;441;450;477;478;462;469;451;443;380;381;452;465;840;598;568;971;707;509;489;633;813;627;798;929;681;558;646;546;479;828;926]
FL,1136,7,0,09:43,04:15,120.35,-8.21,11151,16,[63;232;325;305],[24;29;27;32;28;36;30;29;34;27;34;29;29;38;28;28;28;33;37;37;26]
FL,1169,6,3,09:15,12:59,41.48,18.22,9750,15,[63;219;205;289;314;290],[26;33;30;30;38;36;30;30;34;37;34;31;25;37;26;30;38;33;29;28;33;25;24;37;26;29;36;29]
FL,1127,3,7,02:25,10:19,123.11,-6.68,11558,15,[74;112;297;306;305;309],[33;25;33;34;33;29;28;26;38;33;33;30;34;34;30;27;29;27;34;32;32;31;31;27;29]
FL,1099,8,0,02:43,06:16,98.82,-27.77,11684,12,[70;240;226;322;315],[24;33;27;34;33;28]
FL,1156,3,1,06:12,11:59,90.64,-64.43,12735,11,[45;258;106;322;282;279],[30;35;31;32;38;36;28;32;34;33;29]
FL,999,7,6,02:03,21:04,119.1,42.68,12317,18,[48;265;167;193],[368;336;383;477;438;436;389;407;453;416;495;884;875;816;964;924;777;577;618;649;831;889;685;564;773;570;966;571;563]
FL,1162,4,3,12:03,23:21,168.95,-32.72,9670,15,[68;191;106;316;298;287;324;319],[29;25;30;33;25;27;37;27;38;30;30;32;29;29;29;37;25;34;26;33;33;36;34;34;29;36;24;29;26;26;34]
FL,1109,7,1,02:21,16:46,102.54,35.68,9136,16,[56;197;138;311;322;302;297;317],[36;28;24;29;31;27;26;34;37;24;31;31;29;37;28]
FL,1085,9,0,07:54,22:19,105.74,-9.0,10118,14,[41;176;260;279;312;292],[29;27;34;35;36;27;38;26;24]
FL,1153,0,7,20:32,21:47,120.73,-16.02,10448,13,[65;171;248;327;292],[24;24;36;37;36;29;27;35;28;35;28;32;37;37;24]
FL,1110,4,3,10:27,01:26,148.58,-70.22,10693,12,[58;221;216;317;286;312;301;290],[24;33;30;36;26;35]
FL,1053,0,3,21:41,08:44,113.2,-59.0,10718,22,[39;109;198;266;153;84;175;305],[351;330;333;462;421;422;428;384;427;472;467;430;628;869;922;894;619;576;952;588;715;855;866;748;860;858;675;917]
FL,1082,7,4,13:20,22:34,152.33,7.99,9117,16,[64;231;287;300;290;327],[29;35;36;29;28;30;24;33;35;38;31;35;36;28;29;37;27;38;37]
FL,1148,2,4,20:41,03:51,149.24,22.94,9354,10,[42;157;286;326],[26;28;27;26;26;27;26;30;24;29;32]
FL,1060,7,2,00:10,14:45,119.21,11.82,11485,20,[71;91;157;110;133;254;211;96],[369;342;354;376;390;381;437;392;397;391;449;459;443;436;420;410;710;703;667;555;809;604;670;890;776;861;498;709;865;558;664;946;899;808;649;579;864;932;916]
FL,1002,2,5,02:05,21:43,143.08,33.05,12395,18,[52;220;164;146;91;117;123],[378;365;343;462;435;447;444;381;470;429;458;390;386;507;750;785;745;950;623;887;896;958;539;479;587;637;715;704;569;680;817;953;767]
FL,1063,8,4,23:38,12:31,114.97,-12.19,10765,22,[70;151;238;209;140;249],[357;369;349;420;398;452;459;449;431;425;476;436;650;613;759;598;574;578;672;809;595;855;577;557;966;547;754;881;889]
FL,1102,2,5,23:33,02:56,154.52,-17.91,11239,11,[57;197;183;304;299;308;290],[37;35;31;35;38;28;26;29;29]
FL,1133,8,0,07:49,15:34,102.75,-30.33,12426,13,[64;104;178;317;313;285],[25;28;30;28;32;33;32;25;35;30;38;29]
FL,1164,6,9,20:58,12:13,63.79,39.24,11050,16,[41;102;115;286;289],[28;38;24;26;28;33;26;31;33;26;30;30]
FL,997,8,4,10:04,08:56,161.99,-40.75,10660,20,[47;154;267;233;185;198;281],[376;353;387;384;449;413;380;423;459;460;466;445;620;489;719;845;742;915;621;590;711;842;957;834;838;712;485;768;830;524;562;893;959;663]
FL,1145,0,8,01:20,09:09,99.34,-50.8,12836,15,[62;157;288;289;323;296;328],[35;29;32;25;24;27;25;38;29;27;37;30;31;38;32;34;26;28;29;24;26;33;32;36;35;38;30;25;28;29;32]
FL,1035,6,8,22:34,10:02,-27.16,15.58,10836,21,[67;193;255;137],[355;332;477;435;387;463;438;419;382;933;483;957;633;846;484;926;693;859;482;710;599;787;628;685;822;703;895;680;819;622;606;753;559;897;860;927;782;617;572;507;920;802]
FL,1098,4,9,04:44,08:34,109.25,14.69,10157,15,[53;110;314;313;309;304],[28;33;27;33;24;27;30;36;35;26;29;31;24;26;27;31;27;32;31;26;36]
FL,1070,7,3,17:50,19:20,119.88,-7.21,10350,18,[42;116;230;117;152;154;130;282],[343;468;425;383;392;422;438;478;449;424;463;782;485;727;549;547;498;785;945;885;749;792;840;973;977;714;808;636;953;936;738;662;838]
FL,1096,5,2,08:18,10:22,125.87,0.34,10145,16,[40;208;240;299;318;304;317;297],[35;24;24;27;38;36;31;24;28;27;37;27;32;26;27]
FL,1009,3,2,20:19,17:22,105.02,-69.21,12819,18,[64;132;229;272;110;150;212;174;134],[340;351;433;413;446;426;451;421;462;515;582;947;758;789;754;611;695;889;513;875;821;962;710;563;556;667;882;973;600;686;586;738;701;880;929;568;585]
FL,1005,4,9,17:25,22:25,150.45,14.09,12989,23,[64;91;197;274;155],[364;376;444;403;477;476;440;379;470;399;967;716;518;863;621;851;881;848;484;673;668;571;892;600;934;666;655;579;554;814;589]
FL,1144,7,6,15:22,04:09,71.84,27.68,12651,12,[59;168;275;283;295;311;291],[29;34;25;26;36;37]
FL,1025,2,0,16:58,14:51,80.34,24.15,11847,23,[74;167;260;271;124;255;196;323],[365;438;420;439;435;451;409;391;453;417;899;524;718;592;684;641;479;649;601;591;828;766;513;606;872;909;621;483;928;978;741;822;885]
FL,1041,2,9,16:49,05:23,76.1,19.51,10945,19,[48;235;278;236;113;230],[448;416;398;433;437;445;440;464;462;439;385;394;444;402;468;478;397;418;379;863;773;532;786;865;538;936;797;634;484;579;746;861;649;764;561;914;926;954;781;763;727]
FL,1115,8,7,13:27,14:14,115.54,0.12,12338,14,[73;179;286;322;325],[28;26;30;30;24;29;36;25;29;29]
FL,1022,4,3,21:33,02:41,115.39,-42.31,9930,21,[59;84;182;255;299],[374;329;352;410;448;464;450;463;951;915;672;746;575;706;769;909;638;867;695;529;724;597;704;554;948;922;757;481;764;883;675;758]
FL,1146,8,0,18:38,10:01,97.47,-47.53,9039,11,[74;104;111;297;315;310;314],[28;31;37;31;27;25;35]
FL,1091,3,0,04:06,12:23,113.63,-58.53,9920,14,[76;200;222;282;312;297;323],[24;28;34;33;28;30;32;27;37;38;32;29]
FL,1071,2,6,23:06,08:25,30.88,54.54,12721,20,[66;240;102;260;267;271],[377;372;453;456;440;410;426;452;457;438;396;382;455;432;952;617;576;875;654;909;631;538;607;560;635;531;856;626;871;696;876;943;878;950;807;585;848;548;529;523;896;483;532;910]
FL,1001,9,1,18:01,05:40,56.71,51.03,11742,18,[77;127;155;97;177;98;108;240;175],[333;461;437;466;476;391;468;447;976;674;498;819;914;751;536;497;963;699;554;555;962;827;731;610;844;930;864;703;573;885;672;678;671;955;686]
FL,1160,8,0,20:10,09:50,111.62,-33.37,12611,12,[49;99;231;312;299;322;317],[33;34;34;24;26;37;34]
FL,1075,2,0,11:46,14:13,82.23,26.22,11251,17,[73;172;217;206;275;200;185;123;309],[364;351;474;394;417;452;431;444;436;411;469;385;402;438;456;603;766;881;761;494;675;924;617;501;863;716;690;875;642;619;569;482;831]
FL,1042,6,0,21:38,10:32,-47.33,19.38,9838,21,[39;218;244;130;312],[349;338;466;460;416;435;409;431;474;432;414;465;427;758;524;628;756;736;577;771;785;867;684;711;828;881;831;848;578;555;813;499;744;938;548;974;886]
FL,1067,2,1,18:06,03:09,55.51,47.18,11516,17,[47;196;96;137;142;81],[341;352;456;461;417;449;432;469;380;379;410;466;471;975;776;589;910;963;656;670;971;777;512;795;714;799;652;658;617;526;786;704;769;649;518;588;719]
FL,1177,1,7,20:37,04:14,81.21,52.49,10499,11,[49;138;199;324;299;328;322],[30;36;38;33;34;33;26]
FL,1123,0,5,09:55,01:48,134.96,-24.01,11277,15,[47;271;323;292;318;302],[30;36;24;30;34;30;33;29;30;37;31;35;32;36;32;37;38;34;38;28;36;26;24;33;38;29;30;24;26;26;32;27]
FL,1165,8,0,16:19,02:52,110.65,-50.52,10076,12,[55;87;158;297;299],[32;24;35;27;36;31;30]
FL,1014,2,8,08:22,15:43,86.9,30.02,10424,18,[65;88;202;188;258;119;147],[361;461;471;390;426;420;406;444;455;830;687;807;635;632;587;859;965;581;508;931;584;686;871;661;536;800;576;866;693]
FL,1074,2,9,09:18,12:40,79.93,28.72,9846,21,[58;83;224;129;107;263;328],[331;363;401;427;396;402;412;609;750;865;713;531;821;627;550;723;748;950;757;729;934;574;738;907;921;962;652;844;887;589;685;520;914;975;936;739;906]
FL,1031,5,0,00:54,18:59,118.17,-28.04,10770,17,[64;137;151;84;160;142;99;243;294],[330;422;438;388;463;464;471;442;410;430;389;423;554;605;743;861;720;712;547;544;703;570;508;739;622;710;892;537;876;708;519;964;585]
FL,1046,9,6,09:01,11:01,-30.32,51.93,12013,20,[71;96;181;223;212;161],[330;375;358;355;354;439;473;475;390;393;443;460;407;418;381;387;466;431;395;408;751;573;681;619;931;579;742;481;897;780;781;958;820;533;928;591;852;796;975;766;617]
FL,1119,3,6,10:12,05:41,-102.86,-68.95,10545,16,[48;257;307;308;322;283;310],[34;38;38;33;37;32;31;38;29;37;35;25;31;31]
FL,1049,0,6,13:32,04:01,37.99,21.12,10138,17,[70;198;202;212;216;100;177;128;117;282],[344;467;430;388;414;402;456;409;381;452;524;583;828;741;488;819;593;958;815;730;589;545;750;685;523;487;600;549;560;658;500;563;532;516]
FL,1112,2,8,00:02,15:04,77.24,-22.59,12834,14,[53;241;303;325],[37;25;34;33;34;29;37;37;28;30;29]
FL,1086,5,0,05:51,15:09,114.33,-22.99,12752,16,[47;146;80;283;312],[32;26;28;32;31;35;35;34;26;29;24;37;37;36;28;25;32]
FL,1006,1,4,07:17,12:57,43.72,22.25,9277,17,[40;221;86;104;231;189;216;261],[347;358;462;403;418;475;467;470;450;473;428;683;675;584;943;782;550;652;702;592;826;773;605;779]
FL,1147,3,0,18:52,13:28,113.62,-63.51,11401,16,[60;201;292;311;283],[36;36;30;26;24;36;30;36;31;30;36;36;31;35]
FL,987,0,8,14:17,15:29,105.38,-18.69,11478,21,[40;151;219;178;243;95;212;246;227;291],[366;360;337;478;425;434;401;409;449;399;850;915;778;714;626;889;694;759;497;750;961;830;534;869;783;554;565;594;675;835;922;524;595;538]
FL,1093,9,5,06:16,19:59,155.58,-33.28,9229,16,[70;85;291;294;319;301;328],[25;25;27;33;24;36;29;31;25;36;26]
FL,1126,8,1,20:53,05:33,48.57,-15.54,10015,14,[39;231;296;321],[32;27;25;30;36;35;35;27;27;37]
FL,1020,7,8,13:47,09:05,119.95,-18.12,12926,23,[64;85;91;172;198;193;112;190],[352;422;379;444;388;424;445;751;762;776;509;743;949;787;903;485;598;550;724;505;959;571;540;676;835;484;551]
FL,1125,9,2,13:33,13:34,83.78,34.74,12401,15,[57;113;309;328;302;318],[31;24;35;25;32;31;24;32;36;28;34;37;30;32;34;28;36;27;35;25;36;28;30;25;31;29;38;33;35;29]
FL,1094,9,8,18:15,03:22,92.35,-17.35,9337,12,[54;107;225;287;325],[37;26;26;26]
FL,1033,6,9,01:09,05:02,-37.46,26.51,10660,23,[55;209;141;149],[369;433;388;445;409;451;424;747;563;833;711;848;913;632;963;588;907;897;605;813;797]
FL,1121,9,7,09:48,11:32,116.17,4.81,11209,13,[63;255;301;322;279;298],[37;32;37;28;37;29;37;26;37;24;35;36;26]
FL,990,9,6,19:58,00:36,-32.42,49.02,12697,23,[39;276;192;269;298],[366;477;395;427;448;379;466;432;396;906;730;503;574;913;652;818;724;815;508;956;572;813;480;738;648;883;632;685;853;796;650;896]
FL,1050,8,0,12:06,12:18,110.61,-35.43,9899,18,[74;93;100;178;221;220;163;119;286],[350;446;465;452;447;415;431;435;414;405;460;525;737;514;530;894;810;689;822;496;757;766;491;561;647;953;787;682;569;667;601;791;674;733;851;964]
FL,1007,5,8,17:24,21:13,156.82,-41.64,10962,23,[67;268;102;91],[365;474;399;425;437;385;460;407;468;464;888;618;820;908;686;878;939;840;590;577;880;971;775;634;724;567;734;685;579;603;708]
FL,1076,5,4,16:38,18:12,159.06,0.36,9230,17,[64;190;261;101;201;91;92;81;314],[329;349;454;465;436;395;471;416;445;431;380;396;447;421;381;711;497;544;752;586;629;974;961;522;968;956;641;668;827;729;650;512;592;829;724;707;926]
FL,1004,3,7,04:55,10:45,114.05,-48.26,10869,20,[56;154;96;268;208;115;202;127;82;319],[367;330;451;386;478;420;398;401;416;440;406;389;422;639;959;719;814;506;634;829;556;769;601;596;858;889;762;977;512;810;904;869;877;583;593;668;683;619]
FL,1114,4,6,15:11,23:03,-77.22,40.38,12585,14,[44;188;274;283;312;320;290;299],[34;38;31;29;38;36;31]
FL,1118,8,6,16:46,03:40,62.42,12.35,9203,10,[67;199;129;285;279;286;322],[33;24;31;37;35;25;34;36;27;26;35;29]
FL,1142,6,3,12:43,14:08,69.72,-68.11,11243,12,[61;203;128;289;307;310;301],[34;31;32;30;24;26]
FL,1078,1,7,19:04,01:58,50.74,21.01,12203,17,[56;204;240;216;278;241],[352;399;450;379;453;465;434;382;395;424;419;449;394;688;665;778;671;952;836;654;933;674;628;776;841;810;890;835;648;915;509;490;586;715]
FL,1084,9,7,12:27,05:54,91.18,9.26,10470,11,[47;86;107;281;309],[26;38;31;27;32;26]
FL,1034,6,8,16:38,20:27,-81.33,-0.4,10610,23,[42;225;254;234;113;136;303],[358;444;431;415;405;419;453;436;471;590;669;762;611;780;774;754;755;919;688;605;834;488;922;591;715;547;601;630;909;742;595;608;885;906]
FL,1015,1,7,05:50,07:55,55.14,42.63,11063,17,[76;276;273;244;283],[361;332;455;393;422;432;427;447;478;408;402;392;470;788;709;567;696;972;651;599;581;768;626;775;837;489;714;976;929;806;925]
FL,1176,6,3,10:17,20:57,60.69,-65.29,9873,13,[43;257;292;295;311;318],[33;27;30;38;31;29;37;33;29;27]
FL,1040,5,6,03:16,14:00,-17.78,47.68,9750,20,[75;180;194;167;92;228;150;178;198],[331;338;434;383;433;388;405;476;410;452;559;529;562;566;756;815;669;506;842;861;807;916;661;687;958;972;732;927]
FL,1048,7,9,01:32,16:45,122.2,8.01,10425,21,[45;204;158;277;305],[342;333;375;384;380;390;445;423;402;943;977;941;868;700;702;773;712;518;647;561;810;715;751;747;556;522;599;612;648;634;957;692;805]
FL,1011,2,9,02:53,14:20,84.11,35.21,11600,22,[44;125;93;197],[362;351;330;385;467;472;389;429;466;650;589;777;866;709;687;544;762;603;927;521]
FL,1138,1,8,17:31,21:17,66.71,-10.68,11697,16,[42;96;286;321;284;304;298],[26;29;31;34;24;30;38;27;29;30;33;37;27;37;31;34]
FL,1151,9,8,04:39,22:53,93.45,-28.71,12912,14,[63;265;279;318;291],[30;28;36;33;37;24;26;27]
FL,1072,8,5,15:17,23:04,153.98,-50.16,11324,20,[77;141;113;177;233;92;79;179],[351;374;360;333;365;415;467;429;382;417;405;434;406;441;438;399;411;451;476;450;390;649;884;919;837;607;512;943;792;539;805;945;817;503;973;541]
FL,1141,1,5,13:05,13:13,147.19,40.68,11796,12,[68;145;254;318;306;284;317],[24;35;31;26]
FL,1052,2,0,08:10,00:27,111.91,19.38,12072,18,[67;197;157;195;244],[356;344;377;473;381;432;468;429;430;464;414;416;457;940;885;664;769;957;855;978;667;549;560;627;643;542;881;926;736;553;974;487;939;879;917;726;909;584;525;497;657;636;850]
FL,1090,2,5,23:24,23:06,99.32,-5.8,9609,16,[44;230;279;319;314;315],[38;36;37;30;33;38;29;27;35;35;38;29;29;36;30;25;25]
FL,1101,5,9,18:44,02:25,116.84,2.83,11181,11,[66;122;226;302;297],[26;27;38;37;36;38;35;31]
FL,1122,0,8,08:45,01:03,106.57,-35.89,9399,16,[54;173;312;284;293],[28;38;34;30;35;24;24;38;28;30;32;27;25;32;36;29;36;29;35]
